~o
<STREAMINFO> 1 42
<VECSIZE> 42<NULLD><USER><DIAGC>
~h "proto"
<BEGINHMM>
<NUMSTATES> 25
<STATE> 2
<MEAN> 42
 2.570285e-02 2.833169e-02 1.956372e-03 -2.699121e-02 1.358824e-02 1.348559e-02 -1.345329e-02 1.481852e-02 2.822290e-02 3.845862e-02 4.495820e-02 3.694489e-02 -1.388057e-06 1.166954e-06 2.540892e-06 1.236401e-07 -2.021270e-06 1.877461e-06 3.967849e-07 -3.134012e-06 -1.363361e-05 -4.224429e-06 -4.389299e-06 -2.121349e-06 -5.570287e-07 3.287627e-07 8.906899e-07 1.102281e-07 -7.167757e-07 6.301594e-07 1.023401e-08 4.104475e-07 1.492633e-07 1.657672e-07 6.363144e-08 -1.025979e-07 3.006572e-03 3.390756e-04 7.397684e-04 3.518273e-02 1.802619e-02 -9.604784e-04
<VARIANCE> 42
 1.312233e-02 2.019507e-02 1.542139e-02 1.277049e-02 9.221829e-03 1.436091e-02 1.672569e-02 1.370589e-01 4.825017e-02 6.537745e-02 4.191562e-02 3.380077e-02 3.842432e-04 4.843663e-04 3.693050e-04 3.422204e-04 2.567534e-04 3.313977e-04 3.399867e-04 7.374013e-03 9.872299e-04 4.065752e-03 1.131955e-03 8.494042e-04 5.221802e-05 5.773582e-05 5.562076e-05 4.110679e-05 3.967877e-05 4.372802e-05 3.355520e-05 2.601508e-03 9.330081e-05 1.211414e-03 1.159081e-04 8.268580e-05 2.131001e-04 2.220530e-04 2.216420e-04 2.765478e-02 1.367416e-02 2.838487e-02
<GCONST> -2.008647e+02
<STATE> 3
<MEAN> 42
 2.570285e-02 2.833169e-02 1.956372e-03 -2.699121e-02 1.358824e-02 1.348559e-02 -1.345329e-02 1.481852e-02 2.822290e-02 3.845862e-02 4.495820e-02 3.694489e-02 -1.388057e-06 1.166954e-06 2.540892e-06 1.236401e-07 -2.021270e-06 1.877461e-06 3.967849e-07 -3.134012e-06 -1.363361e-05 -4.224429e-06 -4.389299e-06 -2.121349e-06 -5.570287e-07 3.287627e-07 8.906899e-07 1.102281e-07 -7.167757e-07 6.301594e-07 1.023401e-08 4.104475e-07 1.492633e-07 1.657672e-07 6.363144e-08 -1.025979e-07 3.006572e-03 3.390756e-04 7.397684e-04 3.518273e-02 1.802619e-02 -9.604784e-04
<VARIANCE> 42
 1.312233e-02 2.019507e-02 1.542139e-02 1.277049e-02 9.221829e-03 1.436091e-02 1.672569e-02 1.370589e-01 4.825017e-02 6.537745e-02 4.191562e-02 3.380077e-02 3.842432e-04 4.843663e-04 3.693050e-04 3.422204e-04 2.567534e-04 3.313977e-04 3.399867e-04 7.374013e-03 9.872299e-04 4.065752e-03 1.131955e-03 8.494042e-04 5.221802e-05 5.773582e-05 5.562076e-05 4.110679e-05 3.967877e-05 4.372802e-05 3.355520e-05 2.601508e-03 9.330081e-05 1.211414e-03 1.159081e-04 8.268580e-05 2.131001e-04 2.220530e-04 2.216420e-04 2.765478e-02 1.367416e-02 2.838487e-02
<GCONST> -2.008647e+02
<STATE> 4
<MEAN> 42
 2.570285e-02 2.833169e-02 1.956372e-03 -2.699121e-02 1.358824e-02 1.348559e-02 -1.345329e-02 1.481852e-02 2.822290e-02 3.845862e-02 4.495820e-02 3.694489e-02 -1.388057e-06 1.166954e-06 2.540892e-06 1.236401e-07 -2.021270e-06 1.877461e-06 3.967849e-07 -3.134012e-06 -1.363361e-05 -4.224429e-06 -4.389299e-06 -2.121349e-06 -5.570287e-07 3.287627e-07 8.906899e-07 1.102281e-07 -7.167757e-07 6.301594e-07 1.023401e-08 4.104475e-07 1.492633e-07 1.657672e-07 6.363144e-08 -1.025979e-07 3.006572e-03 3.390756e-04 7.397684e-04 3.518273e-02 1.802619e-02 -9.604784e-04
<VARIANCE> 42
 1.312233e-02 2.019507e-02 1.542139e-02 1.277049e-02 9.221829e-03 1.436091e-02 1.672569e-02 1.370589e-01 4.825017e-02 6.537745e-02 4.191562e-02 3.380077e-02 3.842432e-04 4.843663e-04 3.693050e-04 3.422204e-04 2.567534e-04 3.313977e-04 3.399867e-04 7.374013e-03 9.872299e-04 4.065752e-03 1.131955e-03 8.494042e-04 5.221802e-05 5.773582e-05 5.562076e-05 4.110679e-05 3.967877e-05 4.372802e-05 3.355520e-05 2.601508e-03 9.330081e-05 1.211414e-03 1.159081e-04 8.268580e-05 2.131001e-04 2.220530e-04 2.216420e-04 2.765478e-02 1.367416e-02 2.838487e-02
<GCONST> -2.008647e+02
<STATE> 5
<MEAN> 42
 2.570285e-02 2.833169e-02 1.956372e-03 -2.699121e-02 1.358824e-02 1.348559e-02 -1.345329e-02 1.481852e-02 2.822290e-02 3.845862e-02 4.495820e-02 3.694489e-02 -1.388057e-06 1.166954e-06 2.540892e-06 1.236401e-07 -2.021270e-06 1.877461e-06 3.967849e-07 -3.134012e-06 -1.363361e-05 -4.224429e-06 -4.389299e-06 -2.121349e-06 -5.570287e-07 3.287627e-07 8.906899e-07 1.102281e-07 -7.167757e-07 6.301594e-07 1.023401e-08 4.104475e-07 1.492633e-07 1.657672e-07 6.363144e-08 -1.025979e-07 3.006572e-03 3.390756e-04 7.397684e-04 3.518273e-02 1.802619e-02 -9.604784e-04
<VARIANCE> 42
 1.312233e-02 2.019507e-02 1.542139e-02 1.277049e-02 9.221829e-03 1.436091e-02 1.672569e-02 1.370589e-01 4.825017e-02 6.537745e-02 4.191562e-02 3.380077e-02 3.842432e-04 4.843663e-04 3.693050e-04 3.422204e-04 2.567534e-04 3.313977e-04 3.399867e-04 7.374013e-03 9.872299e-04 4.065752e-03 1.131955e-03 8.494042e-04 5.221802e-05 5.773582e-05 5.562076e-05 4.110679e-05 3.967877e-05 4.372802e-05 3.355520e-05 2.601508e-03 9.330081e-05 1.211414e-03 1.159081e-04 8.268580e-05 2.131001e-04 2.220530e-04 2.216420e-04 2.765478e-02 1.367416e-02 2.838487e-02
<GCONST> -2.008647e+02
<STATE> 6
<MEAN> 42
 2.570285e-02 2.833169e-02 1.956372e-03 -2.699121e-02 1.358824e-02 1.348559e-02 -1.345329e-02 1.481852e-02 2.822290e-02 3.845862e-02 4.495820e-02 3.694489e-02 -1.388057e-06 1.166954e-06 2.540892e-06 1.236401e-07 -2.021270e-06 1.877461e-06 3.967849e-07 -3.134012e-06 -1.363361e-05 -4.224429e-06 -4.389299e-06 -2.121349e-06 -5.570287e-07 3.287627e-07 8.906899e-07 1.102281e-07 -7.167757e-07 6.301594e-07 1.023401e-08 4.104475e-07 1.492633e-07 1.657672e-07 6.363144e-08 -1.025979e-07 3.006572e-03 3.390756e-04 7.397684e-04 3.518273e-02 1.802619e-02 -9.604784e-04
<VARIANCE> 42
 1.312233e-02 2.019507e-02 1.542139e-02 1.277049e-02 9.221829e-03 1.436091e-02 1.672569e-02 1.370589e-01 4.825017e-02 6.537745e-02 4.191562e-02 3.380077e-02 3.842432e-04 4.843663e-04 3.693050e-04 3.422204e-04 2.567534e-04 3.313977e-04 3.399867e-04 7.374013e-03 9.872299e-04 4.065752e-03 1.131955e-03 8.494042e-04 5.221802e-05 5.773582e-05 5.562076e-05 4.110679e-05 3.967877e-05 4.372802e-05 3.355520e-05 2.601508e-03 9.330081e-05 1.211414e-03 1.159081e-04 8.268580e-05 2.131001e-04 2.220530e-04 2.216420e-04 2.765478e-02 1.367416e-02 2.838487e-02
<GCONST> -2.008647e+02
<STATE> 7
<MEAN> 42
 2.570285e-02 2.833169e-02 1.956372e-03 -2.699121e-02 1.358824e-02 1.348559e-02 -1.345329e-02 1.481852e-02 2.822290e-02 3.845862e-02 4.495820e-02 3.694489e-02 -1.388057e-06 1.166954e-06 2.540892e-06 1.236401e-07 -2.021270e-06 1.877461e-06 3.967849e-07 -3.134012e-06 -1.363361e-05 -4.224429e-06 -4.389299e-06 -2.121349e-06 -5.570287e-07 3.287627e-07 8.906899e-07 1.102281e-07 -7.167757e-07 6.301594e-07 1.023401e-08 4.104475e-07 1.492633e-07 1.657672e-07 6.363144e-08 -1.025979e-07 3.006572e-03 3.390756e-04 7.397684e-04 3.518273e-02 1.802619e-02 -9.604784e-04
<VARIANCE> 42
 1.312233e-02 2.019507e-02 1.542139e-02 1.277049e-02 9.221829e-03 1.436091e-02 1.672569e-02 1.370589e-01 4.825017e-02 6.537745e-02 4.191562e-02 3.380077e-02 3.842432e-04 4.843663e-04 3.693050e-04 3.422204e-04 2.567534e-04 3.313977e-04 3.399867e-04 7.374013e-03 9.872299e-04 4.065752e-03 1.131955e-03 8.494042e-04 5.221802e-05 5.773582e-05 5.562076e-05 4.110679e-05 3.967877e-05 4.372802e-05 3.355520e-05 2.601508e-03 9.330081e-05 1.211414e-03 1.159081e-04 8.268580e-05 2.131001e-04 2.220530e-04 2.216420e-04 2.765478e-02 1.367416e-02 2.838487e-02
<GCONST> -2.008647e+02
<STATE> 8
<MEAN> 42
 2.570285e-02 2.833169e-02 1.956372e-03 -2.699121e-02 1.358824e-02 1.348559e-02 -1.345329e-02 1.481852e-02 2.822290e-02 3.845862e-02 4.495820e-02 3.694489e-02 -1.388057e-06 1.166954e-06 2.540892e-06 1.236401e-07 -2.021270e-06 1.877461e-06 3.967849e-07 -3.134012e-06 -1.363361e-05 -4.224429e-06 -4.389299e-06 -2.121349e-06 -5.570287e-07 3.287627e-07 8.906899e-07 1.102281e-07 -7.167757e-07 6.301594e-07 1.023401e-08 4.104475e-07 1.492633e-07 1.657672e-07 6.363144e-08 -1.025979e-07 3.006572e-03 3.390756e-04 7.397684e-04 3.518273e-02 1.802619e-02 -9.604784e-04
<VARIANCE> 42
 1.312233e-02 2.019507e-02 1.542139e-02 1.277049e-02 9.221829e-03 1.436091e-02 1.672569e-02 1.370589e-01 4.825017e-02 6.537745e-02 4.191562e-02 3.380077e-02 3.842432e-04 4.843663e-04 3.693050e-04 3.422204e-04 2.567534e-04 3.313977e-04 3.399867e-04 7.374013e-03 9.872299e-04 4.065752e-03 1.131955e-03 8.494042e-04 5.221802e-05 5.773582e-05 5.562076e-05 4.110679e-05 3.967877e-05 4.372802e-05 3.355520e-05 2.601508e-03 9.330081e-05 1.211414e-03 1.159081e-04 8.268580e-05 2.131001e-04 2.220530e-04 2.216420e-04 2.765478e-02 1.367416e-02 2.838487e-02
<GCONST> -2.008647e+02
<STATE> 9
<MEAN> 42
 2.570285e-02 2.833169e-02 1.956372e-03 -2.699121e-02 1.358824e-02 1.348559e-02 -1.345329e-02 1.481852e-02 2.822290e-02 3.845862e-02 4.495820e-02 3.694489e-02 -1.388057e-06 1.166954e-06 2.540892e-06 1.236401e-07 -2.021270e-06 1.877461e-06 3.967849e-07 -3.134012e-06 -1.363361e-05 -4.224429e-06 -4.389299e-06 -2.121349e-06 -5.570287e-07 3.287627e-07 8.906899e-07 1.102281e-07 -7.167757e-07 6.301594e-07 1.023401e-08 4.104475e-07 1.492633e-07 1.657672e-07 6.363144e-08 -1.025979e-07 3.006572e-03 3.390756e-04 7.397684e-04 3.518273e-02 1.802619e-02 -9.604784e-04
<VARIANCE> 42
 1.312233e-02 2.019507e-02 1.542139e-02 1.277049e-02 9.221829e-03 1.436091e-02 1.672569e-02 1.370589e-01 4.825017e-02 6.537745e-02 4.191562e-02 3.380077e-02 3.842432e-04 4.843663e-04 3.693050e-04 3.422204e-04 2.567534e-04 3.313977e-04 3.399867e-04 7.374013e-03 9.872299e-04 4.065752e-03 1.131955e-03 8.494042e-04 5.221802e-05 5.773582e-05 5.562076e-05 4.110679e-05 3.967877e-05 4.372802e-05 3.355520e-05 2.601508e-03 9.330081e-05 1.211414e-03 1.159081e-04 8.268580e-05 2.131001e-04 2.220530e-04 2.216420e-04 2.765478e-02 1.367416e-02 2.838487e-02
<GCONST> -2.008647e+02
<STATE> 10
<MEAN> 42
 2.570285e-02 2.833169e-02 1.956372e-03 -2.699121e-02 1.358824e-02 1.348559e-02 -1.345329e-02 1.481852e-02 2.822290e-02 3.845862e-02 4.495820e-02 3.694489e-02 -1.388057e-06 1.166954e-06 2.540892e-06 1.236401e-07 -2.021270e-06 1.877461e-06 3.967849e-07 -3.134012e-06 -1.363361e-05 -4.224429e-06 -4.389299e-06 -2.121349e-06 -5.570287e-07 3.287627e-07 8.906899e-07 1.102281e-07 -7.167757e-07 6.301594e-07 1.023401e-08 4.104475e-07 1.492633e-07 1.657672e-07 6.363144e-08 -1.025979e-07 3.006572e-03 3.390756e-04 7.397684e-04 3.518273e-02 1.802619e-02 -9.604784e-04
<VARIANCE> 42
 1.312233e-02 2.019507e-02 1.542139e-02 1.277049e-02 9.221829e-03 1.436091e-02 1.672569e-02 1.370589e-01 4.825017e-02 6.537745e-02 4.191562e-02 3.380077e-02 3.842432e-04 4.843663e-04 3.693050e-04 3.422204e-04 2.567534e-04 3.313977e-04 3.399867e-04 7.374013e-03 9.872299e-04 4.065752e-03 1.131955e-03 8.494042e-04 5.221802e-05 5.773582e-05 5.562076e-05 4.110679e-05 3.967877e-05 4.372802e-05 3.355520e-05 2.601508e-03 9.330081e-05 1.211414e-03 1.159081e-04 8.268580e-05 2.131001e-04 2.220530e-04 2.216420e-04 2.765478e-02 1.367416e-02 2.838487e-02
<GCONST> -2.008647e+02
<STATE> 11
<MEAN> 42
 2.570285e-02 2.833169e-02 1.956372e-03 -2.699121e-02 1.358824e-02 1.348559e-02 -1.345329e-02 1.481852e-02 2.822290e-02 3.845862e-02 4.495820e-02 3.694489e-02 -1.388057e-06 1.166954e-06 2.540892e-06 1.236401e-07 -2.021270e-06 1.877461e-06 3.967849e-07 -3.134012e-06 -1.363361e-05 -4.224429e-06 -4.389299e-06 -2.121349e-06 -5.570287e-07 3.287627e-07 8.906899e-07 1.102281e-07 -7.167757e-07 6.301594e-07 1.023401e-08 4.104475e-07 1.492633e-07 1.657672e-07 6.363144e-08 -1.025979e-07 3.006572e-03 3.390756e-04 7.397684e-04 3.518273e-02 1.802619e-02 -9.604784e-04
<VARIANCE> 42
 1.312233e-02 2.019507e-02 1.542139e-02 1.277049e-02 9.221829e-03 1.436091e-02 1.672569e-02 1.370589e-01 4.825017e-02 6.537745e-02 4.191562e-02 3.380077e-02 3.842432e-04 4.843663e-04 3.693050e-04 3.422204e-04 2.567534e-04 3.313977e-04 3.399867e-04 7.374013e-03 9.872299e-04 4.065752e-03 1.131955e-03 8.494042e-04 5.221802e-05 5.773582e-05 5.562076e-05 4.110679e-05 3.967877e-05 4.372802e-05 3.355520e-05 2.601508e-03 9.330081e-05 1.211414e-03 1.159081e-04 8.268580e-05 2.131001e-04 2.220530e-04 2.216420e-04 2.765478e-02 1.367416e-02 2.838487e-02
<GCONST> -2.008647e+02
<STATE> 12
<MEAN> 42
 2.570285e-02 2.833169e-02 1.956372e-03 -2.699121e-02 1.358824e-02 1.348559e-02 -1.345329e-02 1.481852e-02 2.822290e-02 3.845862e-02 4.495820e-02 3.694489e-02 -1.388057e-06 1.166954e-06 2.540892e-06 1.236401e-07 -2.021270e-06 1.877461e-06 3.967849e-07 -3.134012e-06 -1.363361e-05 -4.224429e-06 -4.389299e-06 -2.121349e-06 -5.570287e-07 3.287627e-07 8.906899e-07 1.102281e-07 -7.167757e-07 6.301594e-07 1.023401e-08 4.104475e-07 1.492633e-07 1.657672e-07 6.363144e-08 -1.025979e-07 3.006572e-03 3.390756e-04 7.397684e-04 3.518273e-02 1.802619e-02 -9.604784e-04
<VARIANCE> 42
 1.312233e-02 2.019507e-02 1.542139e-02 1.277049e-02 9.221829e-03 1.436091e-02 1.672569e-02 1.370589e-01 4.825017e-02 6.537745e-02 4.191562e-02 3.380077e-02 3.842432e-04 4.843663e-04 3.693050e-04 3.422204e-04 2.567534e-04 3.313977e-04 3.399867e-04 7.374013e-03 9.872299e-04 4.065752e-03 1.131955e-03 8.494042e-04 5.221802e-05 5.773582e-05 5.562076e-05 4.110679e-05 3.967877e-05 4.372802e-05 3.355520e-05 2.601508e-03 9.330081e-05 1.211414e-03 1.159081e-04 8.268580e-05 2.131001e-04 2.220530e-04 2.216420e-04 2.765478e-02 1.367416e-02 2.838487e-02
<GCONST> -2.008647e+02
<STATE> 13
<MEAN> 42
 2.570285e-02 2.833169e-02 1.956372e-03 -2.699121e-02 1.358824e-02 1.348559e-02 -1.345329e-02 1.481852e-02 2.822290e-02 3.845862e-02 4.495820e-02 3.694489e-02 -1.388057e-06 1.166954e-06 2.540892e-06 1.236401e-07 -2.021270e-06 1.877461e-06 3.967849e-07 -3.134012e-06 -1.363361e-05 -4.224429e-06 -4.389299e-06 -2.121349e-06 -5.570287e-07 3.287627e-07 8.906899e-07 1.102281e-07 -7.167757e-07 6.301594e-07 1.023401e-08 4.104475e-07 1.492633e-07 1.657672e-07 6.363144e-08 -1.025979e-07 3.006572e-03 3.390756e-04 7.397684e-04 3.518273e-02 1.802619e-02 -9.604784e-04
<VARIANCE> 42
 1.312233e-02 2.019507e-02 1.542139e-02 1.277049e-02 9.221829e-03 1.436091e-02 1.672569e-02 1.370589e-01 4.825017e-02 6.537745e-02 4.191562e-02 3.380077e-02 3.842432e-04 4.843663e-04 3.693050e-04 3.422204e-04 2.567534e-04 3.313977e-04 3.399867e-04 7.374013e-03 9.872299e-04 4.065752e-03 1.131955e-03 8.494042e-04 5.221802e-05 5.773582e-05 5.562076e-05 4.110679e-05 3.967877e-05 4.372802e-05 3.355520e-05 2.601508e-03 9.330081e-05 1.211414e-03 1.159081e-04 8.268580e-05 2.131001e-04 2.220530e-04 2.216420e-04 2.765478e-02 1.367416e-02 2.838487e-02
<GCONST> -2.008647e+02
<STATE> 14
<MEAN> 42
 2.570285e-02 2.833169e-02 1.956372e-03 -2.699121e-02 1.358824e-02 1.348559e-02 -1.345329e-02 1.481852e-02 2.822290e-02 3.845862e-02 4.495820e-02 3.694489e-02 -1.388057e-06 1.166954e-06 2.540892e-06 1.236401e-07 -2.021270e-06 1.877461e-06 3.967849e-07 -3.134012e-06 -1.363361e-05 -4.224429e-06 -4.389299e-06 -2.121349e-06 -5.570287e-07 3.287627e-07 8.906899e-07 1.102281e-07 -7.167757e-07 6.301594e-07 1.023401e-08 4.104475e-07 1.492633e-07 1.657672e-07 6.363144e-08 -1.025979e-07 3.006572e-03 3.390756e-04 7.397684e-04 3.518273e-02 1.802619e-02 -9.604784e-04
<VARIANCE> 42
 1.312233e-02 2.019507e-02 1.542139e-02 1.277049e-02 9.221829e-03 1.436091e-02 1.672569e-02 1.370589e-01 4.825017e-02 6.537745e-02 4.191562e-02 3.380077e-02 3.842432e-04 4.843663e-04 3.693050e-04 3.422204e-04 2.567534e-04 3.313977e-04 3.399867e-04 7.374013e-03 9.872299e-04 4.065752e-03 1.131955e-03 8.494042e-04 5.221802e-05 5.773582e-05 5.562076e-05 4.110679e-05 3.967877e-05 4.372802e-05 3.355520e-05 2.601508e-03 9.330081e-05 1.211414e-03 1.159081e-04 8.268580e-05 2.131001e-04 2.220530e-04 2.216420e-04 2.765478e-02 1.367416e-02 2.838487e-02
<GCONST> -2.008647e+02
<STATE> 15
<MEAN> 42
 2.570285e-02 2.833169e-02 1.956372e-03 -2.699121e-02 1.358824e-02 1.348559e-02 -1.345329e-02 1.481852e-02 2.822290e-02 3.845862e-02 4.495820e-02 3.694489e-02 -1.388057e-06 1.166954e-06 2.540892e-06 1.236401e-07 -2.021270e-06 1.877461e-06 3.967849e-07 -3.134012e-06 -1.363361e-05 -4.224429e-06 -4.389299e-06 -2.121349e-06 -5.570287e-07 3.287627e-07 8.906899e-07 1.102281e-07 -7.167757e-07 6.301594e-07 1.023401e-08 4.104475e-07 1.492633e-07 1.657672e-07 6.363144e-08 -1.025979e-07 3.006572e-03 3.390756e-04 7.397684e-04 3.518273e-02 1.802619e-02 -9.604784e-04
<VARIANCE> 42
 1.312233e-02 2.019507e-02 1.542139e-02 1.277049e-02 9.221829e-03 1.436091e-02 1.672569e-02 1.370589e-01 4.825017e-02 6.537745e-02 4.191562e-02 3.380077e-02 3.842432e-04 4.843663e-04 3.693050e-04 3.422204e-04 2.567534e-04 3.313977e-04 3.399867e-04 7.374013e-03 9.872299e-04 4.065752e-03 1.131955e-03 8.494042e-04 5.221802e-05 5.773582e-05 5.562076e-05 4.110679e-05 3.967877e-05 4.372802e-05 3.355520e-05 2.601508e-03 9.330081e-05 1.211414e-03 1.159081e-04 8.268580e-05 2.131001e-04 2.220530e-04 2.216420e-04 2.765478e-02 1.367416e-02 2.838487e-02
<GCONST> -2.008647e+02
<STATE> 16
<MEAN> 42
 2.570285e-02 2.833169e-02 1.956372e-03 -2.699121e-02 1.358824e-02 1.348559e-02 -1.345329e-02 1.481852e-02 2.822290e-02 3.845862e-02 4.495820e-02 3.694489e-02 -1.388057e-06 1.166954e-06 2.540892e-06 1.236401e-07 -2.021270e-06 1.877461e-06 3.967849e-07 -3.134012e-06 -1.363361e-05 -4.224429e-06 -4.389299e-06 -2.121349e-06 -5.570287e-07 3.287627e-07 8.906899e-07 1.102281e-07 -7.167757e-07 6.301594e-07 1.023401e-08 4.104475e-07 1.492633e-07 1.657672e-07 6.363144e-08 -1.025979e-07 3.006572e-03 3.390756e-04 7.397684e-04 3.518273e-02 1.802619e-02 -9.604784e-04
<VARIANCE> 42
 1.312233e-02 2.019507e-02 1.542139e-02 1.277049e-02 9.221829e-03 1.436091e-02 1.672569e-02 1.370589e-01 4.825017e-02 6.537745e-02 4.191562e-02 3.380077e-02 3.842432e-04 4.843663e-04 3.693050e-04 3.422204e-04 2.567534e-04 3.313977e-04 3.399867e-04 7.374013e-03 9.872299e-04 4.065752e-03 1.131955e-03 8.494042e-04 5.221802e-05 5.773582e-05 5.562076e-05 4.110679e-05 3.967877e-05 4.372802e-05 3.355520e-05 2.601508e-03 9.330081e-05 1.211414e-03 1.159081e-04 8.268580e-05 2.131001e-04 2.220530e-04 2.216420e-04 2.765478e-02 1.367416e-02 2.838487e-02
<GCONST> -2.008647e+02
<STATE> 17
<MEAN> 42
 2.570285e-02 2.833169e-02 1.956372e-03 -2.699121e-02 1.358824e-02 1.348559e-02 -1.345329e-02 1.481852e-02 2.822290e-02 3.845862e-02 4.495820e-02 3.694489e-02 -1.388057e-06 1.166954e-06 2.540892e-06 1.236401e-07 -2.021270e-06 1.877461e-06 3.967849e-07 -3.134012e-06 -1.363361e-05 -4.224429e-06 -4.389299e-06 -2.121349e-06 -5.570287e-07 3.287627e-07 8.906899e-07 1.102281e-07 -7.167757e-07 6.301594e-07 1.023401e-08 4.104475e-07 1.492633e-07 1.657672e-07 6.363144e-08 -1.025979e-07 3.006572e-03 3.390756e-04 7.397684e-04 3.518273e-02 1.802619e-02 -9.604784e-04
<VARIANCE> 42
 1.312233e-02 2.019507e-02 1.542139e-02 1.277049e-02 9.221829e-03 1.436091e-02 1.672569e-02 1.370589e-01 4.825017e-02 6.537745e-02 4.191562e-02 3.380077e-02 3.842432e-04 4.843663e-04 3.693050e-04 3.422204e-04 2.567534e-04 3.313977e-04 3.399867e-04 7.374013e-03 9.872299e-04 4.065752e-03 1.131955e-03 8.494042e-04 5.221802e-05 5.773582e-05 5.562076e-05 4.110679e-05 3.967877e-05 4.372802e-05 3.355520e-05 2.601508e-03 9.330081e-05 1.211414e-03 1.159081e-04 8.268580e-05 2.131001e-04 2.220530e-04 2.216420e-04 2.765478e-02 1.367416e-02 2.838487e-02
<GCONST> -2.008647e+02
<STATE> 18
<MEAN> 42
 2.570285e-02 2.833169e-02 1.956372e-03 -2.699121e-02 1.358824e-02 1.348559e-02 -1.345329e-02 1.481852e-02 2.822290e-02 3.845862e-02 4.495820e-02 3.694489e-02 -1.388057e-06 1.166954e-06 2.540892e-06 1.236401e-07 -2.021270e-06 1.877461e-06 3.967849e-07 -3.134012e-06 -1.363361e-05 -4.224429e-06 -4.389299e-06 -2.121349e-06 -5.570287e-07 3.287627e-07 8.906899e-07 1.102281e-07 -7.167757e-07 6.301594e-07 1.023401e-08 4.104475e-07 1.492633e-07 1.657672e-07 6.363144e-08 -1.025979e-07 3.006572e-03 3.390756e-04 7.397684e-04 3.518273e-02 1.802619e-02 -9.604784e-04
<VARIANCE> 42
 1.312233e-02 2.019507e-02 1.542139e-02 1.277049e-02 9.221829e-03 1.436091e-02 1.672569e-02 1.370589e-01 4.825017e-02 6.537745e-02 4.191562e-02 3.380077e-02 3.842432e-04 4.843663e-04 3.693050e-04 3.422204e-04 2.567534e-04 3.313977e-04 3.399867e-04 7.374013e-03 9.872299e-04 4.065752e-03 1.131955e-03 8.494042e-04 5.221802e-05 5.773582e-05 5.562076e-05 4.110679e-05 3.967877e-05 4.372802e-05 3.355520e-05 2.601508e-03 9.330081e-05 1.211414e-03 1.159081e-04 8.268580e-05 2.131001e-04 2.220530e-04 2.216420e-04 2.765478e-02 1.367416e-02 2.838487e-02
<GCONST> -2.008647e+02
<STATE> 19
<MEAN> 42
 2.570285e-02 2.833169e-02 1.956372e-03 -2.699121e-02 1.358824e-02 1.348559e-02 -1.345329e-02 1.481852e-02 2.822290e-02 3.845862e-02 4.495820e-02 3.694489e-02 -1.388057e-06 1.166954e-06 2.540892e-06 1.236401e-07 -2.021270e-06 1.877461e-06 3.967849e-07 -3.134012e-06 -1.363361e-05 -4.224429e-06 -4.389299e-06 -2.121349e-06 -5.570287e-07 3.287627e-07 8.906899e-07 1.102281e-07 -7.167757e-07 6.301594e-07 1.023401e-08 4.104475e-07 1.492633e-07 1.657672e-07 6.363144e-08 -1.025979e-07 3.006572e-03 3.390756e-04 7.397684e-04 3.518273e-02 1.802619e-02 -9.604784e-04
<VARIANCE> 42
 1.312233e-02 2.019507e-02 1.542139e-02 1.277049e-02 9.221829e-03 1.436091e-02 1.672569e-02 1.370589e-01 4.825017e-02 6.537745e-02 4.191562e-02 3.380077e-02 3.842432e-04 4.843663e-04 3.693050e-04 3.422204e-04 2.567534e-04 3.313977e-04 3.399867e-04 7.374013e-03 9.872299e-04 4.065752e-03 1.131955e-03 8.494042e-04 5.221802e-05 5.773582e-05 5.562076e-05 4.110679e-05 3.967877e-05 4.372802e-05 3.355520e-05 2.601508e-03 9.330081e-05 1.211414e-03 1.159081e-04 8.268580e-05 2.131001e-04 2.220530e-04 2.216420e-04 2.765478e-02 1.367416e-02 2.838487e-02
<GCONST> -2.008647e+02
<STATE> 20
<MEAN> 42
 2.570285e-02 2.833169e-02 1.956372e-03 -2.699121e-02 1.358824e-02 1.348559e-02 -1.345329e-02 1.481852e-02 2.822290e-02 3.845862e-02 4.495820e-02 3.694489e-02 -1.388057e-06 1.166954e-06 2.540892e-06 1.236401e-07 -2.021270e-06 1.877461e-06 3.967849e-07 -3.134012e-06 -1.363361e-05 -4.224429e-06 -4.389299e-06 -2.121349e-06 -5.570287e-07 3.287627e-07 8.906899e-07 1.102281e-07 -7.167757e-07 6.301594e-07 1.023401e-08 4.104475e-07 1.492633e-07 1.657672e-07 6.363144e-08 -1.025979e-07 3.006572e-03 3.390756e-04 7.397684e-04 3.518273e-02 1.802619e-02 -9.604784e-04
<VARIANCE> 42
 1.312233e-02 2.019507e-02 1.542139e-02 1.277049e-02 9.221829e-03 1.436091e-02 1.672569e-02 1.370589e-01 4.825017e-02 6.537745e-02 4.191562e-02 3.380077e-02 3.842432e-04 4.843663e-04 3.693050e-04 3.422204e-04 2.567534e-04 3.313977e-04 3.399867e-04 7.374013e-03 9.872299e-04 4.065752e-03 1.131955e-03 8.494042e-04 5.221802e-05 5.773582e-05 5.562076e-05 4.110679e-05 3.967877e-05 4.372802e-05 3.355520e-05 2.601508e-03 9.330081e-05 1.211414e-03 1.159081e-04 8.268580e-05 2.131001e-04 2.220530e-04 2.216420e-04 2.765478e-02 1.367416e-02 2.838487e-02
<GCONST> -2.008647e+02
<STATE> 21
<MEAN> 42
 2.570285e-02 2.833169e-02 1.956372e-03 -2.699121e-02 1.358824e-02 1.348559e-02 -1.345329e-02 1.481852e-02 2.822290e-02 3.845862e-02 4.495820e-02 3.694489e-02 -1.388057e-06 1.166954e-06 2.540892e-06 1.236401e-07 -2.021270e-06 1.877461e-06 3.967849e-07 -3.134012e-06 -1.363361e-05 -4.224429e-06 -4.389299e-06 -2.121349e-06 -5.570287e-07 3.287627e-07 8.906899e-07 1.102281e-07 -7.167757e-07 6.301594e-07 1.023401e-08 4.104475e-07 1.492633e-07 1.657672e-07 6.363144e-08 -1.025979e-07 3.006572e-03 3.390756e-04 7.397684e-04 3.518273e-02 1.802619e-02 -9.604784e-04
<VARIANCE> 42
 1.312233e-02 2.019507e-02 1.542139e-02 1.277049e-02 9.221829e-03 1.436091e-02 1.672569e-02 1.370589e-01 4.825017e-02 6.537745e-02 4.191562e-02 3.380077e-02 3.842432e-04 4.843663e-04 3.693050e-04 3.422204e-04 2.567534e-04 3.313977e-04 3.399867e-04 7.374013e-03 9.872299e-04 4.065752e-03 1.131955e-03 8.494042e-04 5.221802e-05 5.773582e-05 5.562076e-05 4.110679e-05 3.967877e-05 4.372802e-05 3.355520e-05 2.601508e-03 9.330081e-05 1.211414e-03 1.159081e-04 8.268580e-05 2.131001e-04 2.220530e-04 2.216420e-04 2.765478e-02 1.367416e-02 2.838487e-02
<GCONST> -2.008647e+02
<STATE> 22
<MEAN> 42
 2.570285e-02 2.833169e-02 1.956372e-03 -2.699121e-02 1.358824e-02 1.348559e-02 -1.345329e-02 1.481852e-02 2.822290e-02 3.845862e-02 4.495820e-02 3.694489e-02 -1.388057e-06 1.166954e-06 2.540892e-06 1.236401e-07 -2.021270e-06 1.877461e-06 3.967849e-07 -3.134012e-06 -1.363361e-05 -4.224429e-06 -4.389299e-06 -2.121349e-06 -5.570287e-07 3.287627e-07 8.906899e-07 1.102281e-07 -7.167757e-07 6.301594e-07 1.023401e-08 4.104475e-07 1.492633e-07 1.657672e-07 6.363144e-08 -1.025979e-07 3.006572e-03 3.390756e-04 7.397684e-04 3.518273e-02 1.802619e-02 -9.604784e-04
<VARIANCE> 42
 1.312233e-02 2.019507e-02 1.542139e-02 1.277049e-02 9.221829e-03 1.436091e-02 1.672569e-02 1.370589e-01 4.825017e-02 6.537745e-02 4.191562e-02 3.380077e-02 3.842432e-04 4.843663e-04 3.693050e-04 3.422204e-04 2.567534e-04 3.313977e-04 3.399867e-04 7.374013e-03 9.872299e-04 4.065752e-03 1.131955e-03 8.494042e-04 5.221802e-05 5.773582e-05 5.562076e-05 4.110679e-05 3.967877e-05 4.372802e-05 3.355520e-05 2.601508e-03 9.330081e-05 1.211414e-03 1.159081e-04 8.268580e-05 2.131001e-04 2.220530e-04 2.216420e-04 2.765478e-02 1.367416e-02 2.838487e-02
<GCONST> -2.008647e+02
<STATE> 23
<MEAN> 42
 2.570285e-02 2.833169e-02 1.956372e-03 -2.699121e-02 1.358824e-02 1.348559e-02 -1.345329e-02 1.481852e-02 2.822290e-02 3.845862e-02 4.495820e-02 3.694489e-02 -1.388057e-06 1.166954e-06 2.540892e-06 1.236401e-07 -2.021270e-06 1.877461e-06 3.967849e-07 -3.134012e-06 -1.363361e-05 -4.224429e-06 -4.389299e-06 -2.121349e-06 -5.570287e-07 3.287627e-07 8.906899e-07 1.102281e-07 -7.167757e-07 6.301594e-07 1.023401e-08 4.104475e-07 1.492633e-07 1.657672e-07 6.363144e-08 -1.025979e-07 3.006572e-03 3.390756e-04 7.397684e-04 3.518273e-02 1.802619e-02 -9.604784e-04
<VARIANCE> 42
 1.312233e-02 2.019507e-02 1.542139e-02 1.277049e-02 9.221829e-03 1.436091e-02 1.672569e-02 1.370589e-01 4.825017e-02 6.537745e-02 4.191562e-02 3.380077e-02 3.842432e-04 4.843663e-04 3.693050e-04 3.422204e-04 2.567534e-04 3.313977e-04 3.399867e-04 7.374013e-03 9.872299e-04 4.065752e-03 1.131955e-03 8.494042e-04 5.221802e-05 5.773582e-05 5.562076e-05 4.110679e-05 3.967877e-05 4.372802e-05 3.355520e-05 2.601508e-03 9.330081e-05 1.211414e-03 1.159081e-04 8.268580e-05 2.131001e-04 2.220530e-04 2.216420e-04 2.765478e-02 1.367416e-02 2.838487e-02
<GCONST> -2.008647e+02
<STATE> 24
<MEAN> 42
 2.570285e-02 2.833169e-02 1.956372e-03 -2.699121e-02 1.358824e-02 1.348559e-02 -1.345329e-02 1.481852e-02 2.822290e-02 3.845862e-02 4.495820e-02 3.694489e-02 -1.388057e-06 1.166954e-06 2.540892e-06 1.236401e-07 -2.021270e-06 1.877461e-06 3.967849e-07 -3.134012e-06 -1.363361e-05 -4.224429e-06 -4.389299e-06 -2.121349e-06 -5.570287e-07 3.287627e-07 8.906899e-07 1.102281e-07 -7.167757e-07 6.301594e-07 1.023401e-08 4.104475e-07 1.492633e-07 1.657672e-07 6.363144e-08 -1.025979e-07 3.006572e-03 3.390756e-04 7.397684e-04 3.518273e-02 1.802619e-02 -9.604784e-04
<VARIANCE> 42
 1.312233e-02 2.019507e-02 1.542139e-02 1.277049e-02 9.221829e-03 1.436091e-02 1.672569e-02 1.370589e-01 4.825017e-02 6.537745e-02 4.191562e-02 3.380077e-02 3.842432e-04 4.843663e-04 3.693050e-04 3.422204e-04 2.567534e-04 3.313977e-04 3.399867e-04 7.374013e-03 9.872299e-04 4.065752e-03 1.131955e-03 8.494042e-04 5.221802e-05 5.773582e-05 5.562076e-05 4.110679e-05 3.967877e-05 4.372802e-05 3.355520e-05 2.601508e-03 9.330081e-05 1.211414e-03 1.159081e-04 8.268580e-05 2.131001e-04 2.220530e-04 2.216420e-04 2.765478e-02 1.367416e-02 2.838487e-02
<GCONST> -2.008647e+02
<TRANSP> 25
 0.000000e+00 1.000000e+00 0.000000e+00 0.000000e+00 0.000000e+00 0.000000e+00 0.000000e+00 0.000000e+00 0.000000e+00 0.000000e+00 0.000000e+00 0.000000e+00 0.000000e+00 0.000000e+00 0.000000e+00 0.000000e+00 0.000000e+00 0.000000e+00 0.000000e+00 0.000000e+00 0.000000e+00 0.000000e+00 0.000000e+00 0.000000e+00 0.000000e+00
 0.000000e+00 6.000000e-01 4.000000e-01 0.000000e+00 0.000000e+00 0.000000e+00 0.000000e+00 0.000000e+00 0.000000e+00 0.000000e+00 0.000000e+00 0.000000e+00 0.000000e+00 0.000000e+00 0.000000e+00 0.000000e+00 0.000000e+00 0.000000e+00 0.000000e+00 0.000000e+00 0.000000e+00 0.000000e+00 0.000000e+00 0.000000e+00 0.000000e+00
 0.000000e+00 0.000000e+00 6.000000e-01 4.000000e-01 0.000000e+00 0.000000e+00 0.000000e+00 0.000000e+00 0.000000e+00 0.000000e+00 0.000000e+00 0.000000e+00 0.000000e+00 0.000000e+00 0.000000e+00 0.000000e+00 0.000000e+00 0.000000e+00 0.000000e+00 0.000000e+00 0.000000e+00 0.000000e+00 0.000000e+00 0.000000e+00 0.000000e+00
 0.000000e+00 0.000000e+00 0.000000e+00 6.000000e-01 4.000000e-01 0.000000e+00 0.000000e+00 0.000000e+00 0.000000e+00 0.000000e+00 0.000000e+00 0.000000e+00 0.000000e+00 0.000000e+00 0.000000e+00 0.000000e+00 0.000000e+00 0.000000e+00 0.000000e+00 0.000000e+00 0.000000e+00 0.000000e+00 0.000000e+00 0.000000e+00 0.000000e+00
 0.000000e+00 0.000000e+00 0.000000e+00 0.000000e+00 6.000000e-01 4.000000e-01 0.000000e+00 0.000000e+00 0.000000e+00 0.000000e+00 0.000000e+00 0.000000e+00 0.000000e+00 0.000000e+00 0.000000e+00 0.000000e+00 0.000000e+00 0.000000e+00 0.000000e+00 0.000000e+00 0.000000e+00 0.000000e+00 0.000000e+00 0.000000e+00 0.000000e+00
 0.000000e+00 0.000000e+00 0.000000e+00 0.000000e+00 0.000000e+00 6.000000e-01 4.000000e-01 0.000000e+00 0.000000e+00 0.000000e+00 0.000000e+00 0.000000e+00 0.000000e+00 0.000000e+00 0.000000e+00 0.000000e+00 0.000000e+00 0.000000e+00 0.000000e+00 0.000000e+00 0.000000e+00 0.000000e+00 0.000000e+00 0.000000e+00 0.000000e+00
 0.000000e+00 0.000000e+00 0.000000e+00 0.000000e+00 0.000000e+00 0.000000e+00 6.000000e-01 4.000000e-01 0.000000e+00 0.000000e+00 0.000000e+00 0.000000e+00 0.000000e+00 0.000000e+00 0.000000e+00 0.000000e+00 0.000000e+00 0.000000e+00 0.000000e+00 0.000000e+00 0.000000e+00 0.000000e+00 0.000000e+00 0.000000e+00 0.000000e+00
 0.000000e+00 0.000000e+00 0.000000e+00 0.000000e+00 0.000000e+00 0.000000e+00 0.000000e+00 6.000000e-01 4.000000e-01 0.000000e+00 0.000000e+00 0.000000e+00 0.000000e+00 0.000000e+00 0.000000e+00 0.000000e+00 0.000000e+00 0.000000e+00 0.000000e+00 0.000000e+00 0.000000e+00 0.000000e+00 0.000000e+00 0.000000e+00 0.000000e+00
 0.000000e+00 0.000000e+00 0.000000e+00 0.000000e+00 0.000000e+00 0.000000e+00 0.000000e+00 0.000000e+00 6.000000e-01 4.000000e-01 0.000000e+00 0.000000e+00 0.000000e+00 0.000000e+00 0.000000e+00 0.000000e+00 0.000000e+00 0.000000e+00 0.000000e+00 0.000000e+00 0.000000e+00 0.000000e+00 0.000000e+00 0.000000e+00 0.000000e+00
 0.000000e+00 0.000000e+00 0.000000e+00 0.000000e+00 0.000000e+00 0.000000e+00 0.000000e+00 0.000000e+00 0.000000e+00 6.000000e-01 4.000000e-01 0.000000e+00 0.000000e+00 0.000000e+00 0.000000e+00 0.000000e+00 0.000000e+00 0.000000e+00 0.000000e+00 0.000000e+00 0.000000e+00 0.000000e+00 0.000000e+00 0.000000e+00 0.000000e+00
 0.000000e+00 0.000000e+00 0.000000e+00 0.000000e+00 0.000000e+00 0.000000e+00 0.000000e+00 0.000000e+00 0.000000e+00 0.000000e+00 6.000000e-01 4.000000e-01 0.000000e+00 0.000000e+00 0.000000e+00 0.000000e+00 0.000000e+00 0.000000e+00 0.000000e+00 0.000000e+00 0.000000e+00 0.000000e+00 0.000000e+00 0.000000e+00 0.000000e+00
 0.000000e+00 0.000000e+00 0.000000e+00 0.000000e+00 0.000000e+00 0.000000e+00 0.000000e+00 0.000000e+00 0.000000e+00 0.000000e+00 0.000000e+00 6.000000e-01 4.000000e-01 0.000000e+00 0.000000e+00 0.000000e+00 0.000000e+00 0.000000e+00 0.000000e+00 0.000000e+00 0.000000e+00 0.000000e+00 0.000000e+00 0.000000e+00 0.000000e+00
 0.000000e+00 0.000000e+00 0.000000e+00 0.000000e+00 0.000000e+00 0.000000e+00 0.000000e+00 0.000000e+00 0.000000e+00 0.000000e+00 0.000000e+00 0.000000e+00 6.000000e-01 4.000000e-01 0.000000e+00 0.000000e+00 0.000000e+00 0.000000e+00 0.000000e+00 0.000000e+00 0.000000e+00 0.000000e+00 0.000000e+00 0.000000e+00 0.000000e+00
 0.000000e+00 0.000000e+00 0.000000e+00 0.000000e+00 0.000000e+00 0.000000e+00 0.000000e+00 0.000000e+00 0.000000e+00 0.000000e+00 0.000000e+00 0.000000e+00 0.000000e+00 6.000000e-01 4.000000e-01 0.000000e+00 0.000000e+00 0.000000e+00 0.000000e+00 0.000000e+00 0.000000e+00 0.000000e+00 0.000000e+00 0.000000e+00 0.000000e+00
 0.000000e+00 0.000000e+00 0.000000e+00 0.000000e+00 0.000000e+00 0.000000e+00 0.000000e+00 0.000000e+00 0.000000e+00 0.000000e+00 0.000000e+00 0.000000e+00 0.000000e+00 0.000000e+00 6.000000e-01 4.000000e-01 0.000000e+00 0.000000e+00 0.000000e+00 0.000000e+00 0.000000e+00 0.000000e+00 0.000000e+00 0.000000e+00 0.000000e+00
 0.000000e+00 0.000000e+00 0.000000e+00 0.000000e+00 0.000000e+00 0.000000e+00 0.000000e+00 0.000000e+00 0.000000e+00 0.000000e+00 0.000000e+00 0.000000e+00 0.000000e+00 0.000000e+00 0.000000e+00 6.000000e-01 4.000000e-01 0.000000e+00 0.000000e+00 0.000000e+00 0.000000e+00 0.000000e+00 0.000000e+00 0.000000e+00 0.000000e+00
 0.000000e+00 0.000000e+00 0.000000e+00 0.000000e+00 0.000000e+00 0.000000e+00 0.000000e+00 0.000000e+00 0.000000e+00 0.000000e+00 0.000000e+00 0.000000e+00 0.000000e+00 0.000000e+00 0.000000e+00 0.000000e+00 6.000000e-01 4.000000e-01 0.000000e+00 0.000000e+00 0.000000e+00 0.000000e+00 0.000000e+00 0.000000e+00 0.000000e+00
 0.000000e+00 0.000000e+00 0.000000e+00 0.000000e+00 0.000000e+00 0.000000e+00 0.000000e+00 0.000000e+00 0.000000e+00 0.000000e+00 0.000000e+00 0.000000e+00 0.000000e+00 0.000000e+00 0.000000e+00 0.000000e+00 0.000000e+00 6.000000e-01 4.000000e-01 0.000000e+00 0.000000e+00 0.000000e+00 0.000000e+00 0.000000e+00 0.000000e+00
 0.000000e+00 0.000000e+00 0.000000e+00 0.000000e+00 0.000000e+00 0.000000e+00 0.000000e+00 0.000000e+00 0.000000e+00 0.000000e+00 0.000000e+00 0.000000e+00 0.000000e+00 0.000000e+00 0.000000e+00 0.000000e+00 0.000000e+00 0.000000e+00 6.000000e-01 4.000000e-01 0.000000e+00 0.000000e+00 0.000000e+00 0.000000e+00 0.000000e+00
 0.000000e+00 0.000000e+00 0.000000e+00 0.000000e+00 0.000000e+00 0.000000e+00 0.000000e+00 0.000000e+00 0.000000e+00 0.000000e+00 0.000000e+00 0.000000e+00 0.000000e+00 0.000000e+00 0.000000e+00 0.000000e+00 0.000000e+00 0.000000e+00 0.000000e+00 6.000000e-01 4.000000e-01 0.000000e+00 0.000000e+00 0.000000e+00 0.000000e+00
 0.000000e+00 0.000000e+00 0.000000e+00 0.000000e+00 0.000000e+00 0.000000e+00 0.000000e+00 0.000000e+00 0.000000e+00 0.000000e+00 0.000000e+00 0.000000e+00 0.000000e+00 0.000000e+00 0.000000e+00 0.000000e+00 0.000000e+00 0.000000e+00 0.000000e+00 0.000000e+00 6.000000e-01 4.000000e-01 0.000000e+00 0.000000e+00 0.000000e+00
 0.000000e+00 0.000000e+00 0.000000e+00 0.000000e+00 0.000000e+00 0.000000e+00 0.000000e+00 0.000000e+00 0.000000e+00 0.000000e+00 0.000000e+00 0.000000e+00 0.000000e+00 0.000000e+00 0.000000e+00 0.000000e+00 0.000000e+00 0.000000e+00 0.000000e+00 0.000000e+00 0.000000e+00 6.000000e-01 4.000000e-01 0.000000e+00 0.000000e+00
 0.000000e+00 0.000000e+00 0.000000e+00 0.000000e+00 0.000000e+00 0.000000e+00 0.000000e+00 0.000000e+00 0.000000e+00 0.000000e+00 0.000000e+00 0.000000e+00 0.000000e+00 0.000000e+00 0.000000e+00 0.000000e+00 0.000000e+00 0.000000e+00 0.000000e+00 0.000000e+00 0.000000e+00 0.000000e+00 6.000000e-01 4.000000e-01 0.000000e+00
 0.000000e+00 0.000000e+00 0.000000e+00 0.000000e+00 0.000000e+00 0.000000e+00 0.000000e+00 0.000000e+00 0.000000e+00 0.000000e+00 0.000000e+00 0.000000e+00 0.000000e+00 0.000000e+00 0.000000e+00 0.000000e+00 0.000000e+00 0.000000e+00 0.000000e+00 0.000000e+00 0.000000e+00 0.000000e+00 0.000000e+00 7.000000e-01 3.000000e-01
 0.000000e+00 0.000000e+00 0.000000e+00 0.000000e+00 0.000000e+00 0.000000e+00 0.000000e+00 0.000000e+00 0.000000e+00 0.000000e+00 0.000000e+00 0.000000e+00 0.000000e+00 0.000000e+00 0.000000e+00 0.000000e+00 0.000000e+00 0.000000e+00 0.000000e+00 0.000000e+00 0.000000e+00 0.000000e+00 0.000000e+00 0.000000e+00 0.000000e+00
<ENDHMM>
